Using the following matrix to get good coordinates
[ 1 -1  0]
[ 1  0  2]
[ 5 -1  9]

equation
x^4*y*z - 3*x^3*y*z^2 - 3*x^2*y^3*z - 3*x^2*y^2*z^2 + x*y^4*z + 9*x*y^3*z^2 + 
    6*x*y^2*z^3 + x*y*z^4

cycles
[
    [
        [ 1, -1, -1, -1, -1, -1 ],
        [ 1, 1, -1, -1, -1, 1 ],
        [ 1, -1, 1, -1, -1, 1 ]
    ],
    [
        [ -1, -1, -1, 1, -1, -1 ],
        [ 1, -1, -1, -1, -1, -1 ],
        [ 1, -1, 1, 1, -1, -1 ],
        [ 1, -1, -1, 1, 1, -1 ]
    ],
    [
        [ 1, -1, -1, -1, -1, -1 ],
        [ 1, -1, 1, 1, -1, -1 ],
        [ 1, -1, 1, -1, -1, 1 ]
    ],
    [
        [ -1, -1, -1, -1, -1, -1 ],
        [ -1, -1, -1, 1, 1, -1 ],
        [ 1, -1, -1, 1, -1, -1 ]
    ],
    [
        [ -1, -1, -1, 1, 1, -1 ],
        [ 1, -1, -1, 1, -1, -1 ],
        [ 1, -1, 1, 1, 1, -1 ]
    ],
    [
        [ 1, -1, -1, 1, -1, -1 ],
        [ 1, -1, 1, -1, -1, -1 ],
        [ 1, -1, 1, 1, -1, 1 ],
        [ 1, -1, 1, 1, 1, -1 ]
    ]
]

integrals
[ 4.962064384815788305237098971003639413717464341527882937359905207058186992070\
913609136651961686669623, 11.64743564541005551289862622008112858865767567712604\
876879827424576443589679666296741109053340596471, 
2.64025931195766145665173934255825419374325491652176022610546536511908619621135\
6923400502835334432523, -4.9620643848157883052370989710036394137174643415278829\
37359905207058186992070913609136651961686669623*i, 
-2.6402593119576614566517393425582541937432549165217602261054653651190861962113\
56923400502835334432523*i, -11.647435645410055512898626220081128588657675677126\
04876879827424576443589679666296741109053340596471*i ]

cup_form := Matrix([
[-1,  1,  0,  0,  0,  0],
[ 1,  0,  1,  0,  0,  0],
[ 0,  1,  0,  0,  0,  0],
[ 0,  0,  0, -1,  0,  1],
[ 0,  0,  0,  0,  0,  1],
[ 0,  0,  0,  1,  1,  0]]);


// endomorphism matrix -- using column vectors

[
    [ 0, 0, 0, 1, -1, -1 ],
    [ 0, 0, 0, -1, -2, -1 ],
    [ 0, 0, 0, -1, 0, 0 ],
    [ -1, 1, 1, 0, 0, 0 ],
    [ 1, 0, 0, 0, 0, 0 ],
    [ 1, 1, 2, 0, 0, 0 ]
]

/* -------------------------------------------- */

equation
7*x^4*y*z - 7*x^3*y^2*z + 49*x^3*y*z^2 - 21*x^2*y^2*z^2 + 98*x^2*y*z^3 + x*y^4*z
    - 7*x*y^3*z^2 + 49*x*y*z^4

cycles
[
    [
        [ -1, -1, -1, -1, -1, 1 ],
        [ -1, -1, 1, 1, -1, 1 ],
        [ 1, -1, -1, 1, -1, 1 ],
        [ -1, -1, -1, 1, -1, -1 ]
    ],
    [
        [ 1, -1, -1, 1, -1, 1 ],
        [ 1, 1, -1, 1, 1, 1 ],
        [ 1, -1, 1, 1, 1, 1 ]
    ],
    [
        [ -1, -1, 1, 1, -1, 1 ],
        [ 1, -1, 1, 1, 1, 1 ],
        [ 1, -1, -1, 1, -1, 1 ]
    ],
    [
        [ -1, -1, -1, -1, -1, -1 ],
        [ -1, -1, -1, 1, -1, 1 ],
        [ -1, -1, 1, -1, -1, 1 ]
    ],
    [
        [ -1, -1, -1, 1, -1, 1 ],
        [ -1, -1, 1, -1, -1, 1 ],
        [ -1, -1, 1, 1, 1, 1 ],
        [ 1, -1, 1, 1, -1, 1 ]
    ],
    [
        [ -1, -1, -1, -1, -1, -1 ],
        [ 1, 1, -1, -1, -1, -1 ],
        [ 1, -1, -1, 1, -1, -1 ]
    ]
]

integrals
[ 16.71876826880663395932978015020150401940684396910264886273495175788397750587\
842742892936064043575703, 5.966859311384475621977943932964385018648242900150025\
051306650827298264752669205152838150646311837150, 
7.44055185954809180529513941571242397585603530046144596372682087701503132873408\
0844617334316105370112, -7.4405518595480918052951394157124239758560353004614459\
63726820877015031328734080844617334316105370112*i, 
-16.718768268806633959329780150201504019406843969102648862734951757883977505878\
42742892936064043575703*i, -10.751908957422158337351836217237119000758601068952\
62381142830093058571275320922227609120999412391988*i ]

cup_form := Matrix([
[ 0,  1,  1,  0,  0,  0],
[ 1, -1,  0,  0,  0,  0],
[ 1,  0,  0,  0,  0,  0],
[ 0,  0,  0,  0,  1,  0],
[ 0,  0,  0,  1,  1,  0],
[ 0,  0,  0,  0,  0, -1]]);

// endomorphism matrix
[
    [ 0, 0, 0, 1, 0, 0 ],
    [ 0, 0, 0, 1, 1, -2 ],
    [ 0, 0, 0, -1, 0, 1 ],
    [ -1, 1, 1, 0, 0, 0 ],
    [ 0, 0, -1, 0, 0, 0 ],
    [ -1, 2, 0, 0, 0, 0 ]
]

/* -------------------------------------------- */

equation
49*x^4*y*z - 304*x^3*y^2*z + 570*x^3*y*z^2 + 361*x^2*y^3*z - 2793*x^2*y^2*z^2 + 
    2033*x^2*y*z^3 + 361*x*y^4*z + 2888*x*y^3*z^2 - 5415*x*y^2*z^3 + 
    2299*x*y*z^4

cycles
[
    [
        [ -1, -1, -1, -1, -1, 1 ],
        [ -1, -1, 1, -1, 1, 1 ],
        [ 1, -1, -1, -1, 1, 1 ],
        [ -1, -1, -1, -1, 1, -1 ]
    ],
    [
        [ -1, -1, -1, -1, 1, -1 ],
        [ 1, -1, -1, -1, -1, -1 ],
        [ 1, -1, -1, 1, 1, -1 ],
        [ 1, -1, -1, -1, 1, 1 ]
    ],
    [
        [ -1, -1, 1, -1, 1, 1 ],
        [ 1, -1, -1, -1, 1, 1 ],
        [ 1, -1, 1, 1, 1, 1 ]
    ],
    [
        [ -1, -1, -1, -1, -1, -1 ],
        [ -1, -1, 1, -1, -1, 1 ],
        [ -1, -1, -1, -1, 1, 1 ]
    ],
    [
        [ -1, -1, -1, -1, -1, -1 ],
        [ 1, -1, -1, -1, 1, -1 ],
        [ 1, -1, -1, 1, -1, -1 ],
        [ 1, 1, -1, -1, -1, -1 ]
    ],
    [
        [ 1, -1, -1, -1, 1, -1 ],
        [ 1, -1, -1, 1, -1, -1 ],
        [ 1, 1, -1, 1, 1, -1 ],
        [ 1, -1, -1, 1, 1, 1 ]
    ]
]

integrals
[ 11.22264778458512907399979519739602699255700957660083851742396667761362206652\
953770390719736476628725, 4.911136996411183286668459640911100776123793287141680\
924479547859068016697832384045186897680376557623, 
1.08966422911248785592165982950930796856004828687418505875799236493267132777742\
3148358761875035793631, -3.8214727672986954307467998114017928075637450002674958\
65721555494135345370054960896828135805340763991*i, 
-11.222647784585129073999795197396026992557009576600838517423966677613622066529\
53770390719736476628725*i, -4.9111369964111832866684596409111007761237932871416\
80924479547859068016697832384045186897680376557623*i ]

cup_form := Matrix([
[ 0,  1,  0,  0,  0,  0],
[ 1, -1,  1,  0,  0,  0],
[ 0,  1, -1,  0,  0,  0],
[ 0,  0,  0, -1,  0,  0],
[ 0,  0,  0,  0,  0,  1],
[ 0,  0,  0,  0,  1,  0]]);

// endomorphism matrix
[
    [ 0, 0, 0, 0, -6, 7 ],
    [ 0, 0, 0, 1, 1, -6 ],
    [ 0, 0, 0, 1, 2, -6 ],
    [ 1, 0, 0, 0, 0, 0 ],
    [ 6, -7, 0, 0, 0, 0 ],
    [ -1, 5, 1, 0, 0, 0 ]
]
/* -------------------------------------------- */


How to obtain the endomorphism matrix:

SetDefaultRealFieldPrecision(100);
C<i> := ComplexField(100);

//   1st Example:
mul := 1.879385241571816768108218554649462939872416268528929266180573325548442421991778917899491779675896135*i;
per :=[ 4.962064384815788305237098971003639413717464341527882937359905207058186992070913609136651961686669623, 
11.64743564541005551289862622008112858865767567712604876879827424576443589679666296741109053340596471, 
2.640259311957661456651739342558254193743254916521760226105465365119086196211356923400502835334432523, 
-4.962064384815788305237098971003639413717464341527882937359905207058186992070913609136651961686669623*i, 
-2.640259311957661456651739342558254193743254916521760226105465365119086196211356923400502835334432523*i, 
-11.64743564541005551289862622008112858865767567712604876879827424576443589679666296741109053340596471*i ];
[[rel[i]/(-rel[7]) : i in [1..6]] where rel is IntegerRelation(per cat [mul*per[j]]) : j in [1..6]];

// Results in
[
    [ 0, 0, 0, 1, -1, -1 ],
    [ 0, 0, 0, -1, -2, -1 ],
    [ 0, 0, 0, -1, 0, 0 ],
    [ -1, 1, 1, 0, 0, 0 ],
    [ 1, 0, 0, 0, 0, 0 ],
    [ 1, 1, 2, 0, 0, 0 ]
]


//   2nd Example:
mul := -0.4450418679126288085778051289935895189327111375290899106239740317948424640570946381491621052161459127*i;
per := [ 16.71876826880663395932978015020150401940684396910264886273495175788397750587842742892936064043575703, 
5.966859311384475621977943932964385018648242900150025051306650827298264752669205152838150646311837150, 
7.440551859548091805295139415712423975856035300461445963726820877015031328734080844617334316105370112, 
-7.440551859548091805295139415712423975856035300461445963726820877015031328734080844617334316105370112*i, 
-16.71876826880663395932978015020150401940684396910264886273495175788397750587842742892936064043575703*i, 
-10.75190895742215833735183621723711900075860106895262381142830093058571275320922227609120999412391988*i ];
[[rel[i]/(-rel[7]) : i in [1..6]] where rel is IntegerRelation(per cat [mul*per[j]]) : j in [1..6]];

// Results in
[
    [ 0, 0, 0, 1, 0, 0 ],
    [ 0, 0, 0, 1, 1, -2 ],
    [ 0, 0, 0, -1, 0, 1 ],
    [ -1, 1, 1, 0, 0, 0 ],
    [ 0, 0, -1, 0, 0, 0 ],
    [ -1, 2, 0, 0, 0, 0 ]
]


//   3rd Example:

mul := 2.936733680433405569872560176654423202172414568685135792075248038628993520861973870168394930670811592*i;
per := [ 11.22264778458512907399979519739602699255700957660083851742396667761362206652953770390719736476628725, 
4.911136996411183286668459640911100776123793287141680924479547859068016697832384045186897680376557623, 
1.089664229112487855921659829509307968560048286874185058757992364932671327777423148358761875035793631, 
-3.821472767298695430746799811401792807563745000267495865721555494135345370054960896828135805340763991*i, 
-11.22264778458512907399979519739602699255700957660083851742396667761362206652953770390719736476628725*i, 
-4.911136996411183286668459640911100776123793287141680924479547859068016697832384045186897680376557623*i ];

[[rel[i]/(-rel[7]) : i in [1..6]] where rel is IntegerRelation(per cat [mul*per[j]]) : j in [1..6]];

// Results in
[
    [ 0, 0, 0, 0, -6, 7 ],
    [ 0, 0, 0, 1, 1, -6 ],
    [ 0, 0, 0, 1, 2, -6 ],
    [ 1, 0, 0, 0, 0, 0 ],
    [ 6, -7, 0, 0, 0, 0 ],
    [ -1, 5, 1, 0, 0, 0 ]
]



